99
2525 1
2400 5
300 2
120 60
60 90
243712442 1
43158251 7583
594303000 1
196666795 8624
1000000000 1
999999999 1
589218200 1
508633266 3222
918595959 1
862029722 4234
827831957 1
659654092 5405
1000000000 2
999999998 2
999999997 3
120023405 1
94364103 6869
966386502 1
721428350 2597
496994874 1
80183593 7982
130553945 1
91014662 4428
854678425 1
153889968 1195
906567960 1
282377665 8846
30468127 1
19886476 9315
574750647 1
175867077 2972
526632172 1
427787853 1176
626234497 1
498435796 2191
432890077 1
77742825 587
1000000000 1
1 10000
132284843 1
100920317 3831
955623507 1
301109087 645
1000000000 2
999999999 2
999999998 3
281763959 1
277126416 4215
642537120 1
140821998 6404
735927172 1
679311205 3772
961181437 1
281295115 5872
2 1
1 10000
146299671 1
131090516 3928
237026224 1
202860441 5650
383512497 1
248727575 9703
979992307 1
562445889 768
148576820 1
94346254 5878
1000000000 2
100 10000
200 10000
288809415 1
48992792 1079
49670812 1
42830170 6732
131619339 1
34313440 9497
481119062 1
354508426 6650
407844509 1
280729288 1067
372184435 1
335530973 5863
948759170 1
474876189 7140
68769500 1
43563140 7802
601408853 1
278462510 1520
1000000000 2
998000000 10000
999000000 10000
128086729 1
56424854 8227
1000000000 2
998000000 1
999000000 1
541374452 1
392350757 5358
843163815 1
545123710 8534
654933356 1
281321221 2446
81023116 1
34836233 3841
244078140 1
190705348 713
60425619 1
59855475 1618
188479745 1
21367924 5884
324815854 1
292028393 4229
529536711 1
423326662 5448
8783713 1
6707850 3045
11135173 1
5766734 6564
146324150 2
119025691 1484
84769946 4350
342356968 1
267578853 5674
553659266 1
442856462 5729
229347811 1
34755539 439
184336210 1
67817875 4224
1000000000 2
1 3
2 2
626480657 1
176373326 8646
658603822 1
245729431 4095
575146451 1
538705344 1369
1000000000 1
999999999 10000
727705285 1
356140769 8655
1000000000 2
12345676 2
12345675 3
506265892 1
302542132 602
515196338 1
13783572 2797
172943467 1
135228970 9450
1000000000 1
1 1
358455983 1
256017577 7492
2 1
1 1
400492269 1
284325354 1821
674966737 1
234080601 6974
531925532 2
66858055 8797
460296016 8491
492172149 1
490737961 5868
735408689 1
254109443 838
238841283 1
97433300 6206
248704852 1
56192318 9970
943817182 1
302313074 6179
228968568 1
217309718 4612
200000 2
5001 1
5000 9
899655682 1
799947697 804
464447298 1
438812261 2904
738631169 1
670188065 1184
595462537 1
263122433 2791
439584926 1
73800809 5790
785643945 1
326248868 1059
591018090 1
153394794 2430
532977126 1
134243612 7398
482895449 1
37713657 2336
547217920 1
249472523 3451
755181748 1
65910381 2126
1000000000 2
999999997 2
999999996 3
825794777 1
743908134 966
